1024 1 1.45952e-09
1024 2 1.45855e-09
1024 4 1.4553e-09
1024 8 1.45787e-09
1024 16 1.45878e-09
1024 32 1.45878e-09
1024 64 1.45826e-09
1024 128 1.45772e-09
1024 256 1.45788e-09
1024 512 1.45875e-09


2048 1 1.45916e-09
2048 2 1.45651e-09
2048 4 1.45577e-09
2048 8 1.45874e-09
2048 16 1.4587e-09
2048 32 1.45756e-09
2048 64 1.4576e-09
2048 128 1.4572e-09
2048 256 1.45781e-09
2048 512 1.45466e-09
2048 1024 1.45492e-09


4096 1 1.4582e-09
4096 2 1.45796e-09
4096 4 1.4567e-09
4096 8 1.45735e-09
4096 16 1.45574e-09
4096 32 1.45635e-09
4096 64 1.45838e-09
4096 128 1.45749e-09
4096 256 1.45639e-09
4096 512 1.45511e-09
4096 1024 1.45762e-09
4096 2048 1.45643e-09


8192 1 1.46281e-09
8192 2 1.46618e-09
8192 4 1.47345e-09
8192 8 1.45695e-09
8192 16 1.45599e-09
8192 32 1.45655e-09
8192 64 1.45802e-09
8192 128 1.46111e-09
8192 256 1.45657e-09
8192 512 1.45697e-09
8192 1024 1.45656e-09
8192 2048 1.45735e-09
8192 4096 1.45505e-09


16384 1 1.46106e-09
16384 2 1.46958e-09
16384 4 1.70692e-09
16384 8 1.95139e-09
16384 16 2.47747e-09
16384 32 2.75902e-09
16384 64 3.59185e-09
16384 128 5.47788e-09
16384 256 5.46736e-09
16384 512 5.47314e-09
16384 1024 5.46753e-09
16384 2048 1.45753e-09
16384 4096 1.4576e-09
16384 8192 1.45572e-09


32768 1 1.46303e-09
32768 2 1.47186e-09
32768 4 1.70653e-09
32768 8 1.95663e-09
32768 16 2.48851e-09
32768 32 2.77651e-09
32768 64 3.6386e-09
32768 128 5.55137e-09
32768 256 5.64058e-09
32768 512 5.80733e-09
32768 1024 6.14697e-09
32768 2048 6.14682e-09
32768 4096 2.12853e-09
32768 8192 1.45626e-09
32768 16384 1.45518e-09


65536 1 1.46282e-09
65536 2 1.47031e-09
65536 4 1.7062e-09
65536 8 1.95642e-09
65536 16 2.48931e-09
65536 32 2.77954e-09
65536 64 3.6412e-09
65536 128 5.55679e-09
65536 256 5.64481e-09
65536 512 5.81087e-09
65536 1024 6.14667e-09
65536 2048 6.14628e-09
65536 4096 6.1461e-09
65536 8192 2.12848e-09
65536 16384 1.45604e-09
65536 32768 1.45746e-09


131072 1 1.46263e-09
131072 2 1.46939e-09
131072 4 1.70639e-09
131072 8 1.95608e-09
131072 16 2.48557e-09
131072 32 2.7803e-09
131072 64 3.63716e-09
131072 128 5.55646e-09
131072 256 5.64477e-09
131072 512 5.81142e-09
131072 1024 6.14783e-09
131072 2048 6.14598e-09
131072 4096 6.14667e-09
131072 8192 6.14581e-09
131072 16384 2.13077e-09
131072 32768 1.45721e-09
131072 65536 1.45473e-09


262144 1 1.46045e-09
262144 2 1.47012e-09
262144 4 1.70515e-09
262144 8 1.95386e-09
262144 16 2.48565e-09
262144 32 2.77054e-09
262144 64 3.6304e-09
262144 128 5.53039e-09
262144 256 5.5874e-09
262144 512 5.69467e-09
262144 1024 5.93129e-09
262144 2048 5.93206e-09
262144 4096 5.93273e-09
262144 8192 5.93212e-09
262144 16384 5.93232e-09
262144 32768 1.96524e-09
262144 65536 1.45636e-09
262144 131072 1.45615e-09


524288 1 1.46228e-09
524288 2 1.46974e-09
524288 4 1.70209e-09
524288 8 1.95447e-09
524288 16 2.48077e-09
524288 32 2.76475e-09
524288 64 3.60325e-09
524288 128 5.5026e-09
524288 256 5.52921e-09
524288 512 5.59169e-09
524288 1024 5.70144e-09
524288 2048 5.70098e-09
524288 4096 5.7075e-09
524288 8192 5.70734e-09
524288 16384 5.70308e-09
524288 32768 5.72355e-09
524288 65536 1.45664e-09
524288 131072 1.45737e-09
524288 262144 1.45733e-09


1048576 1 1.45958e-09
1048576 2 1.468e-09
1048576 4 1.70093e-09
1048576 8 1.95238e-09
1048576 16 2.47999e-09
1048576 32 2.76224e-09
1048576 64 3.5983e-09
1048576 128 5.49199e-09
1048576 256 5.49777e-09
1048576 512 5.53001e-09
1048576 1024 5.58561e-09
1048576 2048 5.59138e-09
1048576 4096 5.58253e-09
1048576 8192 5.58813e-09
1048576 16384 5.59266e-09
1048576 32768 5.60485e-09
1048576 65536 5.47405e-09
1048576 131072 1.45652e-09
1048576 262144 1.45762e-09
1048576 524288 1.45763e-09


2097152 1 1.69596e-09
2097152 2 2.57647e-09
2097152 4 4.97296e-09
2097152 8 9.56634e-09
2097152 16 1.92935e-08
2097152 32 4.42446e-08
2097152 64 6.1543e-08
2097152 128 9.91583e-08
2097152 256 9.93309e-08
2097152 512 9.95307e-08
2097152 1024 9.96013e-08
2097152 2048 9.11577e-08
2097152 4096 8.7873e-08
2097152 8192 8.71556e-08
2097152 16384 8.44948e-08
2097152 32768 8.10883e-08
2097152 65536 5.90475e-08
2097152 131072 5.47293e-09
2097152 262144 1.45513e-09
2097152 524288 1.45641e-09
2097152 1048576 1.45808e-09


4194304 1 1.73078e-09
4194304 2 2.7366e-09
4194304 4 5.13119e-09
4194304 8 1.00303e-08
4194304 16 2.06509e-08
4194304 32 4.86443e-08
4194304 64 6.86383e-08
4194304 128 1.10698e-07
4194304 256 1.10174e-07
4194304 512 1.10405e-07
4194304 1024 1.10265e-07
4194304 2048 1.08128e-07
4194304 4096 1.07168e-07
4194304 8192 1.0661e-07
4194304 16384 1.06214e-07
4194304 32768 1.05326e-07
4194304 65536 1.05401e-07
4194304 131072 6.96139e-08
4194304 262144 5.47756e-09
4194304 524288 1.45666e-09
4194304 1048576 1.45504e-09
4194304 2097152 1.45746e-09


8388608 1 1.73073e-09
8388608 2 2.73853e-09
8388608 4 5.13138e-09
8388608 8 1.00367e-08
8388608 16 2.06451e-08
8388608 32 4.89206e-08
8388608 64 6.84373e-08
8388608 128 1.10457e-07
8388608 256 1.10405e-07
8388608 512 1.10525e-07
8388608 1024 1.1038e-07
8388608 2048 1.09385e-07
8388608 4096 1.0849e-07
8388608 8192 1.08489e-07
8388608 16384 1.08253e-07
8388608 32768 1.07615e-07
8388608 65536 1.07813e-07
8388608 131072 1.07097e-07
8388608 262144 7.89418e-08
8388608 524288 5.472e-09
8388608 1048576 1.45653e-09
8388608 2097152 1.45647e-09
8388608 4194304 1.45704e-09


16777216 1 1.72798e-09
16777216 2 2.73817e-09
16777216 4 5.14047e-09
16777216 8 1.0045e-08
16777216 16 2.06472e-08
16777216 32 4.89132e-08
16777216 64 6.86295e-08
16777216 128 1.10478e-07
16777216 256 1.10506e-07
16777216 512 1.10646e-07
16777216 1024 1.10882e-07
16777216 2048 1.09628e-07
16777216 4096 1.08181e-07
16777216 8192 1.07861e-07
16777216 16384 1.07354e-07
16777216 32768 1.07292e-07
16777216 65536 1.07252e-07
16777216 131072 1.07426e-07
16777216 262144 1.07932e-07
16777216 524288 8.05006e-08
16777216 1048576 5.46713e-09
16777216 2097152 1.45761e-09
16777216 4194304 1.45749e-09
16777216 8388608 1.45662e-09


